/front_stereo_undistort:
  ros__parameters:
    T_cam_imu: [0.7092914180870785, 0.7047542568327398, -0.015070557526308481, -0.003603424844745731,
      -0.003822329800518387, -0.017533749964306455, -0.9998389657375256, -0.0026108896934315512,
      -0.7049050106382542, 0.7092348025078307, -0.009742735178633166, -0.034770514972678954,
      0.0, 0.0, 0.0, 1.0]
    T_imu_cam: [0.7092914180870785, -0.0038223298005184906, -0.7049050106382543, -0.021964011590095,
      0.7047542568327398, -0.01753374996430649, 0.7092348025078309, 0.02715420963118593,
      -0.01507055752630839, -0.999838965737526, -0.009742735178633222, -0.00300353479155335,
      0.0, 0.0, 0.0, 1.0]
    T_cn_cnm1: [0.004709614155283075, 0.005706560687343901, -0.9999726269751739, -0.03259792944088275,
      -0.004524842768999191, 0.9999736014860258, 0.005685255401703797, 0.0007647660032920754,
      0.9999786724387798, 0.004497943551049476, 0.004735311118329921, -0.03238829337517152,
      0.0, 0.0, 0.0, 1.0]
    distortion_coeffs: [-0.042583914118667444, 0.514893115499512, 0.00496165572070233,
      0.00493475951809159, 0.0]
    intrinsics: [3.226593600730025, 1668.5765271521423, 1668.9459241357963, 552.6788999198284,
      619.2532840444853]
    resolution: [1088.0, 1280.0]
    camera_model: omni
    distortion_model: radtan
    timeshift_cam_imu: 0.0
    first_camera_namespace: ''
    second_camera_namespace: ''
/right_stereo_undistort:
  ros__parameters:
    T_cam_imu: [0.6980860264316463, -0.7154199922900678, 0.029157063167508657, 0.002405270299393289,
      0.01762346590990327, -0.0235410783487503, -0.9995675220211492, -0.002625467885357986,
      0.7157969776062185, 0.6982979681066367, -0.0038255179970078934, -0.03590767734365628,
      0.0, 0.0, 0.0, 1.0]
    T_imu_cam: [0.6980860264316463, 0.017623465909903248, 0.7157969776062183, 0.024069791173426083,
      -0.7154199922900678, -0.023541078348750282, 0.6982979681066366, 0.026733230242360028,
      0.029157063167508684, -0.9995675220211492, -0.003825517997007886, -0.002831828512276641,
      0.0, 0.0, 0.0, 1.0]
    T_cn_cnm1: [-0.009488270552956611, -0.019276687639221062, -0.999769164375244,
      -0.032441737974664014, 0.010973537792179012, 0.9997519580851686, -0.019380499817986282,
      -0.0006495534423896097, 0.9998947715586062, -0.011154892134451554, -0.00927438360384314,
      -0.03265623096855589, 0.0, 0.0, 0.0, 1.0]
    distortion_coeffs: [-0.06002552135679216, 0.492905938985007, -0.0011473344702409983,
      -0.0027541027669846186, 0.0]
    intrinsics: [3.2081081340356956, 1668.2461626673992, 1668.4513808607676, 544.3587947125008,
      624.6642716713295]
    resolution: [1088.0, 1280.0]
    camera_model: omni
    distortion_model: radtan
    timeshift_cam_imu: 0.0
    first_camera_namespace: ''
    second_camera_namespace: ''
/back_stereo_undistort:
  ros__parameters:
    T_cam_imu: [-0.7094253213046636, -0.7047428840622665, 0.007292520508937472, 0.003403217993990487,
      0.0024142575544180422, -0.01277719803674271, -0.9999154537113578, -0.002948222926719594,
      0.7047764786457018, -0.7093477360039492, 0.010765898654359507, -0.03018396578773206,
      0.0, 0.0, 0.0, 1.0]
    T_imu_cam: [-0.709425321304664, 0.0024142575544182305, 0.704776478645702, 0.023694395907769603,
      -0.7047428840622667, -0.012777198036742958, -0.7093477360039494, -0.019050204159162105,
      0.007292520508937433, -0.999915453711358, 0.010765898654359203, -0.002647834185773243,
      0.0, 0.0, 0.0, 1.0]
    T_cn_cnm1: [0.009159873563867538, -0.0032014921706084738, -0.9999529224739413,
      -0.03253320629175856, -0.018328175662147304, 0.9998263489026835, -0.0033689786028795942,
      -0.0004000989368285194, 0.999790065310309, 0.018358172235021706, 0.009099605430887947,
      -0.032213786650047545, 0.0, 0.0, 0.0, 1.0]
    distortion_coeffs: [-0.07868860298058439, 0.6421739193707493, -0.0014941768402896816,
      0.0037846514674407857, 0.0]
    intrinsics: [3.2071895797261596, 1659.093434666091, 1658.722033921064, 553.0306015039575,
      642.5878082569437]
    resolution: [1088.0, 1280.0]
    camera_model: omni
    distortion_model: radtan
    timeshift_cam_imu: 0.0
    first_camera_namespace: ''
    second_camera_namespace: ''
/left_stereo_undistort:
  ros__parameters:
    T_cam_imu: [-0.7015321923892853, 0.7126181343448736, -0.0052893897866243544, -0.002230343549989258,
      -0.0029452373210683835, -0.010321466056962159, -0.9999423947985993, -0.0032208227826239053,
      -0.7126316780908675, -0.7014762019778482, 0.009339670236554798, -0.029024182954044353,
      0.0, 0.0, 0.0, 1.0]
    T_imu_cam: [-0.7015321923892849, -0.0029452373210683514, -0.7126316780908671,
      -0.022257696091626162, 0.7126181343448733, -0.010321466056962048, -0.7014762019778481,
      -0.018803633977598107, -0.005289389786624408, -0.9999423947985991, 0.009339670236554897,
      -0.0029613581051966004, 0.0, 0.0, 0.0, 1.0]
    T_cn_cnm1: [-0.004566431225442717, -0.005509999833894312, -0.9999743934759998,
      -0.03241424057819867, 0.002071305267726962, 0.9999826222346504, -0.005519503890770943,
      -0.0004463007093929941, 0.9999874286211557, -0.0020964566637146813, -0.004554938979391299,
      -0.03257102510881211, 0.0, 0.0, 0.0, 1.0]
    distortion_coeffs: [-0.05590865249127849, 0.4238424899460116, -0.00042058884081944755,
      -0.0019127664268280427, 0.0]
    intrinsics: [3.1880536513265167, 1642.4067983483442, 1642.1811841588874, 533.0031054804489,
      614.2859332420118]
    resolution: [1088.0, 1280.0]
    camera_model: omni
    distortion_model: radtan
    timeshift_cam_imu: 0.0
    first_camera_namespace: ''
    second_camera_namespace: ''
